01 03 04 05 06 11 12 13 14 15 16 17 18 19 20 21 22
02 07 08 09 10 11 12 13 14 15 16 17 18 19 20 21 22
01 02 03 04 05 06 07 08 09 10 11 13 14 17 18 19 20
01 02 03 04 05 06 07 08 09 10 11 12 14 16 17 18 22
03 04 05 08 09 11 12 13 14 15 16 17 18 19 20 21 22
03 04 06 07 09 11 12 13 14 15 16 17 18 19 20 21 22
01 02 06 07 10 11 12 13 14 15 16 17 18 19 20 21 22
01 02 03 04 05 06 07 08 09 10 12 15 17 18 20 21 22
01 02 03 04 05 06 07 08 09 10 12 13 14 15 17 19 20
01 03 04 07 08 11 12 13 14 15 16 17 18 19 20 21 22
01 02 03 04 05 06 07 08 09 10 11 12 16 17 19 20 21
01 02 03 04 05 06 07 08 09 10 11 14 15 19 20 21 22
02 03 05 07 10 11 12 13 14 15 16 17 18 19 20 21 22
01 02 03 09 10 11 12 13 14 15 16 17 18 19 20 21 22
01 02 05 08 10 11 12 13 14 15 16 17 18 19 20 21 22
01 02 03 04 05 06 07 08 09 10 13 14 15 16 17 20 22
04 05 06 07 08 11 12 13 14 15 16 17 18 19 20 21 22
01 02 03 04 05 06 07 08 09 10 12 13 14 18 19 21 22
02 03 06 08 10 11 12 13 14 15 16 17 18 19 20 21 22
01 02 03 04 05 06 07 08 09 10 11 12 13 14 15 16 21
01 02 03 04 05 06 07 08 09 10 13 16 18 19 20 21 22
01 02 03 04 05 06 07 08 09 10 11 13 15 17 18 21 22
02 05 06 09 10 11 12 13 14 15 16 17 18 19 20 21 22
01 02 03 04 05 06 07 08 09 10 12 13 14 16 18 20 21
01 02 03 04 05 06 07 08 09 10 11 12 15 16 18 19 20
01 04 05 07 09 11 12 13 14 15 16 17 18 19 20 21 22
01 04 06 08 09 11 12 13 14 15 16 17 18 19 20 21 22
01 02 03 04 05 06 07 08 09 10 14 15 16 17 18 19 21
01 02 03 04 05 06 07 08 09 10 12 13 15 16 17 19 22
01 02 03 04 05 06 07 08 09 10 11 12 13 14 16 20 22