08 09 10 11 12 13 14 15 16 17 18 19 20 21 22
07 08 10 11 12 13 14 15 16 17 18 19 20 21 22
01 02 03 04 05 06 07 08 09 11 12 14 17 19 21
01 02 03 04 05 06 07 08 09 10 11 12 14 19 21
07 09 10 11 12 13 14 15 16 17 18 19 20 21 22
02 04 10 11 12 13 14 15 16 17 18 19 20 21 22
03 06 10 11 12 13 14 15 16 17 18 19 20 21 22
01 05 10 11 12 13 14 15 16 17 18 19 20 21 22
01 02 03 04 05 06 07 08 09 10 12 13 14 16 17
01 02 03 04 05 06 07 08 09 10 13 17 18 21 22
01 02 03 04 05 06 07 08 09 12 13 15 16 20 21
01 02 03 04 05 06 07 08 09 11 13 16 18 19 22
01 02 03 04 05 06 07 08 09 10 11 15 17 19 20
01 02 03 04 05 06 07 08 09 13 14 15 16 20 21
01 02 03 04 05 06 07 08 09 10 16 17 18 21 22
01 02 03 04 05 06 07 08 09 12 14 15 18 20 22