01 02 03 04 05 06 07 08 09 10 11 12 13 14 16 17 18
02 03 04 07 08 10 12 13 14 15 16 17 18 19 20 21 22
01 03 04 06 09 11 12 13 14 15 16 17 18 19 20 21 22
02 05 06 08 09 11 12 13 14 15 16 17 18 19 20 21 22
01 02 03 04 05 06 07 08 09 10 11 12 13 17 20 21 22
02 03 05 07 09 11 12 13 14 15 16 17 18 19 20 21 22
04 05 06 07 09 11 12 13 14 15 16 17 18 19 20 21 22
01 03 06 07 08 10 12 13 14 15 16 17 18 19 20 21 22
01 02 03 04 05 06 07 08 09 10 11 14 15 16 19 21 22
01 02 07 08 09 11 12 13 14 15 16 17 18 19 20 21 22
01 02 03 04 05 06 07 08 09 10 11 15 17 18 19 21 22
01 02 03 04 05 06 07 08 09 10 11 14 15 17 19 20 21
01 03 04 05 08 10 12 13 14 15 16 17 18 19 20 21 22
01 02 04 05 06 10 12 13 14 15 16 17 18 19 20 21 22
01 02 03 04 05 06 07 08 09 10 11 12 13 16 18 20 21
01 02 03 04 05 06 07 08 09 10 11 12 13 14 15 18 22
01 02 03 04 05 06 07 08 09 10 11 12 13 15 16 17 20
01 02 03 04 05 06 07 08 09 10 11 14 16 18 19 20 22