05 06 07 08 09 10 11 12 13 14 15 16 20 21 22
05 06 07 08 09 10 11 12 13 14 15 16 17 18 19
04 05 06 07 09 12 13 15 16 17 18 19 20 21 22
03 06 08 10 12 13 14 15 16 17 18 19 20 21 22
03 04 08 09 10 11 13 15 16 17 18 19 20 21 22
03 04 06 07 08 09 11 14 16 17 18 19 20 21 22
03 04 05 07 08 09 10 12 14 17 18 19 20 21 22
02 07 09 10 11 12 14 15 16 17 18 19 20 21 22
02 05 06 07 08 09 10 13 16 17 18 19 20 21 22
02 04 06 07 08 09 13 14 15 17 18 19 20 21 22
02 04 05 06 10 11 12 13 14 17 18 19 20 21 22
02 03 06 07 08 09 11 12 13 17 18 19 20 21 22
02 03 05 06 09 10 11 14 15 17 18 19 20 21 22
02 03 04 06 07 09 11 12 13 14 15 16 20 21 22
02 03 04 06 07 09 11 12 13 14 15 16 17 18 19
02 03 04 05 08 11 12 15 16 17 18 19 20 21 22
02 03 04 05 08 09 10 12 13 14 15 16 20 21 22
02 03 04 05 08 09 10 12 13 14 15 16 17 18 19
02 03 04 05 07 11 13 14 16 17 18 19 20 21 22
02 03 04 05 06 07 10 11 15 17 18 19 20 21 22
02 03 04 05 06 07 08 10 11 14 15 16 20 21 22
02 03 04 05 06 07 08 10 11 14 15 16 17 18 19
01 05 08 09 11 12 13 14 16 17 18 19 20 21 22
01 04 06 08 09 10 11 12 15 17 18 19 20 21 22
01 04 05 06 10 13 14 15 16 17 18 19 20 21 22
01 03 06 07 08 09 10 13 14 17 18 19 20 21 22
01 03 05 07 08 10 11 13 15 17 18 19 20 21 22
01 03 05 06 07 10 11 12 16 17 18 19 20 21 22
01 03 04 07 11 12 13 14 15 17 18 19 20 21 22
01 03 04 06 08 10 11 12 13 14 15 16 20 21 22
01 03 04 06 08 10 11 12 13 14 15 16 17 18 19
01 03 04 05 07 08 09 15 16 17 18 19 20 21 22
01 03 04 05 07 08 09 11 12 14 15 16 20 21 22
01 03 04 05 07 08 09 11 12 14 15 16 17 18 19
01 03 04 05 06 07 09 10 13 14 15 16 20 21 22
01 03 04 05 06 07 09 10 13 14 15 16 17 18 19
01 02 06 07 09 11 13 15 16 17 18 19 20 21 22
01 02 05 06 07 08 12 14 15 17 18 19 20 21 22
01 02 04 07 08 10 12 13 16 17 18 19 20 21 22
01 02 04 07 08 09 10 11 13 14 15 16 20 21 22
01 02 04 07 08 09 10 11 13 14 15 16 17 18 19
01 02 04 05 07 09 10 11 14 17 18 19 20 21 22
01 02 04 05 06 09 10 11 12 14 15 16 20 21 22
01 02 04 05 06 09 10 11 12 14 15 16 17 18 19
01 02 04 05 06 07 08 12 13 14 15 16 20 21 22
01 02 04 05 06 07 08 12 13 14 15 16 17 18 19
01 02 03 08 10 11 14 15 16 17 18 19 20 21 22
01 02 03 06 07 08 09 10 12 14 15 16 20 21 22
01 02 03 06 07 08 09 10 12 14 15 16 17 18 19
01 02 03 05 09 10 12 13 15 17 18 19 20 21 22
01 02 03 05 07 10 11 12 13 14 15 16 20 21 22
01 02 03 05 07 10 11 12 13 14 15 16 17 18 19
01 02 03 05 06 08 09 11 13 14 15 16 20 21 22
01 02 03 05 06 08 09 11 13 14 15 16 17 18 19
01 02 03 04 06 09 12 14 16 17 18 19 20 21 22
01 02 03 04 05 06 08 11 13 17 18 19 20 21 22
01 02 03 04 05 06 07 08 09 10 11 12 13 21 22
01 02 03 04 05 06 07 08 09 10 11 12 13 18 20
01 02 03 04 05 06 07 08 09 10 11 12 13 17 19
01 02 03 04 05 06 07 08 09 10 11 12 13 16 22
01 02 03 04 05 06 07 08 09 10 11 12 13 16 21
01 02 03 04 05 06 07 08 09 10 11 12 13 15 19
01 02 03 04 05 06 07 08 09 10 11 12 13 15 17
01 02 03 04 05 06 07 08 09 10 11 12 13 14 20
01 02 03 04 05 06 07 08 09 10 11 12 13 14 18