04 05 06 07 08 09 10 11 12 13 15 18 20 21 22
03 05 06 08 09 11 13 14 15 16 17 18 20 22 23
03 04 05 07 08 10 13 14 15 17 18 19 21 22 23
03 04 05 06 07 08 10 11 12 14 15 16 19 20 21
02 06 08 09 10 12 14 15 16 17 18 19 21 22 23
02 04 06 07 08 09 10 11 13 14 16 19 20 21 23
02 04 05 08 09 10 13 14 15 16 17 19 20 22 23
02 04 05 06 07 09 13 14 15 16 17 18 19 21 22
02 03 07 08 09 12 13 14 15 16 18 20 21 22 23
02 03 06 07 09 10 11 12 14 15 17 18 19 20 22
02 03 05 07 09 10 11 12 13 14 16 19 21 22 23
02 03 04 07 08 10 12 13 14 16 17 18 19 20 22
02 03 04 06 07 08 09 11 12 15 17 19 21 22 23
02 03 04 05 06 08 09 11 12 16 17 18 19 20 21
02 03 04 05 06 07 10 11 12 13 15 16 17 20 23
01 05 07 09 11 12 13 14 15 16 17 18 19 20 23
01 04 05 06 07 09 12 14 15 16 17 19 20 21 22
01 04 05 06 07 09 10 11 13 14 15 18 19 20 23
01 03 06 07 08 09 10 11 12 13 17 18 19 21 23
01 03 04 07 08 10 11 12 15 16 17 20 21 22 23
01 03 04 06 09 10 12 13 15 16 17 18 19 20 23
01 03 04 06 07 08 09 11 12 13 14 15 16 19 22
01 03 04 05 09 10 11 14 16 18 19 20 21 22 23
01 03 04 05 06 07 10 12 13 14 16 17 18 21 22
01 02 06 07 10 11 13 15 16 17 18 19 21 22 23
01 02 05 06 07 08 10 11 12 14 17 20 21 22 23
01 02 04 07 08 09 10 11 13 14 15 16 17 18 21
01 02 04 06 08 11 13 14 15 18 19 20 21 22 23
01 02 04 05 07 08 09 12 13 18 19 20 21 22 23
01 02 04 05 06 10 11 12 13 14 15 16 17 21 23
01 02 04 05 06 08 10 11 12 13 16 17 18 19 22
01 02 03 05 08 09 10 11 13 15 17 19 20 21 22
01 02 03 05 06 08 10 12 13 14 15 18 19 20 21
01 02 03 05 06 07 08 13 14 16 17 19 20 21 23
01 02 03 05 06 07 08 09 10 15 16 18 20 22 23
01 02 03 04 06 09 11 12 13 14 17 20 21 22 23
01 02 03 04 05 08 09 10 12 14 15 17 18 20 23
01 02 03 04 05 07 11 12 15 16 18 19 21 22 23
01 02 03 04 05 06 07 08 09 11 14 17 18 22 23